0 0.570312 0.894532 0.602273 0.871956 0.6125 0.893252 0.601137 0.937262 0.610938 0.94922 0.6375 0.941407 0.660937 0.902345 0.657813 0.873046 0.64375 0.861329 0.609375 0.851562 0.610938 0.833984 0.621875 0.818359 0.609375 0.806641 0.584375 0.814454 0.575 0.830079 0.579546 0.85634 0.560227 0.867697 0.5625 0.888671 0.570312 0.894532
0 0.591824 0.704644 0.592345 0.718958 0.599637 0.720259 0.603801 0.711801 0.608488 0.709197 0.614218 0.713752 0.611095 0.724164 0.618387 0.730669 0.625676 0.731972 0.629324 0.724164 0.635051 0.714405 0.643907 0.702042 0.653801 0.701391 0.660051 0.695532 0.672551 0.692931 0.674113 0.685773 0.668905 0.676014 0.67203 0.670155 0.660051 0.658444 0.652762 0.650637 0.652238 0.636972 0.641301 0.629815 0.630887 0.631766 0.62047 0.623958 0.612657 0.628514 0.614218 0.635019 0.604845 0.639574 0.598958 0.64478 0.598958 0.659095 0.596512 0.683822 0.591824 0.704644
0 0.551563 0.794921 0.554688 0.765625 0.540625 0.736329 0.504688 0.728516 0.484375 0.744141 0.48125 0.785157 0.495312 0.818359 0.51875 0.826171 0.551563 0.794921
0 0.378125 0.599609 0.395313 0.59375 0.39375 0.566407 0.371875 0.537109 0.35 0.521484 0.320312 0.533204 0.317188 0.564454 0.348438 0.623046 0.371875 0.623046 0.378125 0.599609
0 0.460938 0.472347 0.465625 0.486014 0.473438 0.487315 0.469271 0.507486 0.473958 0.527007 0.490625 0.548829 0.510937 0.550782 0.515104 0.545875 0.524479 0.536766 0.523438 0.524403 0.530208 0.517245 0.542708 0.52115 0.544271 0.511389 0.538542 0.50228 0.533854 0.493169 0.532813 0.478856 0.527083 0.468444 0.507812 0.45413 0.474479 0.458683 0.471354 0.452178 0.461979 0.452829 0.463021 0.461937 0.460938 0.472347
0 0.329688 0.301218 0.339062 0.322692 0.347917 0.324644 0.349479 0.334403 0.360417 0.348067 0.370312 0.345465 0.374479 0.337657 0.380208 0.347417 0.385417 0.351319 0.388021 0.357829 0.390625 0.371493 0.398438 0.374095 0.401042 0.363032 0.397917 0.354574 0.397396 0.342211 0.388542 0.336356 0.386979 0.313581 0.380729 0.307074 0.372917 0.309678 0.366146 0.29341 0.34375 0.271484 0.323437 0.265625 0.320312 0.275391 0.324479 0.284301 0.31875 0.297315 0.322917 0.306424 0.329688 0.301218
0 0.732954 0.840722 0.735938 0.873046 0.747657 0.87737 0.753907 0.878345 0.766405 0.858826 0.767046 0.837884 0.779687 0.830079 0.770312 0.8125 0.759375 0.801241 0.746512 0.803681 0.734375 0.800782 0.715625 0.806641 0.7125 0.816407 0.71591 0.832206 0.729324 0.83231 0.732954 0.840722
0 0.465104 0.744336 0.467708 0.732623 0.473958 0.720259 0.4875 0.717007 0.496875 0.705079 0.490625 0.681641 0.476562 0.673829 0.459375 0.671875 0.44375 0.681641 0.439063 0.708984 0.445312 0.734375 0.452083 0.747588 0.465104 0.744336
0 0.60625 0.59375 0.590625 0.587891 0.585938 0.566407 0.570312 0.5625 0.55625 0.57422 0.557812 0.611329 0.578125 0.623046 0.607812 0.607421 0.60625 0.59375
0 0.423958 0.655843 0.429688 0.650799 0.434896 0.658444 0.442708 0.655192 0.44297 0.643968 0.4375 0.634766 0.417187 0.628907 0.403125 0.644532 0.404687 0.66797 0.417187 0.681641 0.425 0.671294 0.423958 0.655843
0 0.732812 0.972657 0.723863 0.99263 0.70625 0.998046 0.760938 0.998046 0.753125 0.970704 0.732812 0.972657
0 0.45625 0.434118 0.4625 0.427734 0.4625 0.41797 0.442188 0.398438 0.423438 0.392579 0.420312 0.402345 0.428125 0.410157 0.44375 0.415574 0.45625 0.434118
