0 0.753125 0.669921875 0.771875 0.7109375 0.803125 0.7421875 0.8375 0.7421875 0.86875 0.734375 0.8796875 0.71484375 0.890625 0.708984375 0.890625 0.685546875 0.88125 0.671875 0.878125 0.6484375 0.8453125 0.6171875 0.8078125 0.6171875 0.8015625 0.60546875 0.7921875 0.6015625 0.7796875 0.6015625 0.7578125 0.609375 0.7484375 0.625 0.746875 0.638671875 0.753125 0.669921875
0 0.371875 0.431640625 0.36875 0.431640625 0.365625 0.4609375 0.3796875 0.48828125 0.3828125 0.4609375 0.371875 0.431640625
0 0.61875 0.57421875 0.634375 0.5625 0.6390625 0.552734375 0.6390625 0.529296875 0.6140625 0.505859375 0.6046875 0.505859375 0.5515625000000001 0.533203125 0.55625 0.572265625 0.6109375 0.587890625 0.61875 0.57421875
0 0.36875 0.65625 0.378125 0.671875 0.3796875 0.654296875 0.39375 0.630859375 0.3890625 0.619140625 0.39375 0.611328125 0.390625 0.6015625 0.38125 0.599609375 0.375 0.580078125 0.3734375 0.580078125 0.3578125 0.595703125 0.3578125 0.634765625 0.3703125 0.646484375 0.36875 0.65625
0 0.6375 0.494140625 0.6390625 0.50390625 0.65 0.50390625 0.653125 0.509765625 0.6441105763888889 0.5210336550925926 0.6453125 0.521484375 0.6453125 0.529296875 0.6609375 0.53125 0.6890625 0.5078125 0.71875 0.509765625 0.734375 0.50390625 0.74375 0.484375 0.728125 0.4609375 0.728125 0.451171875 0.6953125 0.439453125 0.6765625 0.451171875 0.66875 0.435546875 0.6671875 0.435546875 0.6390625 0.44140625 0.640625 0.44921875 0.603125 0.466796875 0.6015625 0.474609375 0.6125 0.490234375 0.6375 0.494140625
0 0.5031249999999999 0.662109375 0.509375 0.693359375 0.5265624999999999 0.712890625 0.525 0.716796875 0.5609375 0.7265625 0.5703125 0.720703125 0.578125 0.701171875 0.6203125 0.671875 0.6265625 0.6640625 0.6265625 0.654296875 0.621875 0.646484375 0.609375 0.65234375 0.5921875 0.650390625 0.5812499999999999 0.626953125 0.5593750000000001 0.625 0.5515625000000001 0.60546875 0.540625 0.603515625 0.5390625 0.6015625 0.5234375 0.60546875 0.5140625 0.615234375 0.5046875000000001 0.638671875 0.5031249999999999 0.662109375
0 0.6234375 0.720703125 0.6359375 0.73046875 0.6390625 0.74609375 0.6578125 0.7421875 0.6703125 0.748046875 0.7015625 0.71484375 0.703125 0.69921875 0.6859375 0.6640625 0.671875 0.6640625 0.65625 0.693359375 0.6375 0.693359375 0.6203125 0.708984375 0.6234375 0.720703125
0 0.4640625 0.751953125 0.48125 0.7265625 0.4734375 0.71875 0.459375 0.71875 0.440625 0.72265625 0.440625 0.7421875 0.4546875 0.75390625 0.4640625 0.751953125
0 0.4171875 0.708984375 0.4203125 0.693359375 0.4046875 0.66796875 0.39609375 0.66796875 0.3875 0.66796875 0.3875 0.689453125 0.4 0.70703125 0.4171875 0.708984375
0 0.3859375 0.646484375 0.396875 0.6484375 0.409375 0.638671875 0.4109375 0.626953125 0.3953125 0.6015625 0.3890625 0.6015625 0.3828125 0.607421875 0.3921875 0.61328125 0.3921875 0.630859375 0.3859375 0.646484375
0 0.415625 0.6875 0.4140625 0.6875 0.4109375 0.69921875 0.4 0.701171875 0.4171875 0.70703125 0.415625 0.6875
0 0.403125 0.677734375 0.403125 0.671875 0.4015625 0.671875 0.4 0.681640625 0.4078125 0.681640625 0.4109375 0.677734375 0.403125 0.677734375
0 0.5078125 0.830078125 0.5359375000000001 0.83203125 0.5484375 0.84375 0.5640625 0.837890625 0.5828125000000001 0.80078125 0.6046875 0.8046875 0.621875 0.763671875 0.6 0.7578125 0.5812499999999999 0.7734375 0.5656249999999999 0.775390625 0.5499999999999999 0.794921875 0.5187499999999999 0.794921875 0.5125000000000001 0.7890625 0.509375 0.771484375 0.49375 0.7578125 0.4875 0.740234375 0.475 0.740234375 0.465625 0.75390625 0.465625 0.7734375 0.471875 0.7890625 0.5078125 0.830078125
0 0.6328125 0.734375 0.625 0.734375 0.60625 0.75390625 0.6140625 0.76953125 0.640625 0.74609375 0.6328125 0.734375