0 0.2734375 0.146484375 0.28125 0.146484375 0.2984375 0.119140625 0.29531250000000003 0.09765625 0.28750000000000003 0.09375 0.2765625 0.09375 0.26875 0.09765625 0.25625000000000003 0.12109375 0.2578125 0.1328125 0.2734375 0.146484375
0 0.3765625 0.240234375 0.384375 0.248046875 0.4078125 0.25 0.4203125 0.232421875 0.421875 0.224609375 0.40625 0.21484375 0.4171875 0.185546875 0.415625 0.177734375 0.403125 0.177734375 0.378125 0.181640625 0.38125 0.201171875 0.3765625 0.212890625 0.3765625 0.240234375
0 0.425 0.30078125 0.428125 0.28515625 0.4140625 0.275390625 0.403125 0.275390625 0.3984375 0.29296875 0.4078125 0.3046875 0.41875 0.306640625 0.425 0.30078125
0 0.39375 0.380859375 0.4234375 0.37890625 0.434375 0.37109375 0.4328125 0.345703125 0.421875 0.3359375 0.4140625 0.3359375 0.3984375 0.341796875 0.3890625 0.35546875 0.3875 0.365234375 0.39375 0.380859375
0 0.428125 0.458984375 0.421875 0.423828125 0.415625 0.419921875 0.409375 0.419921875 0.3890625 0.447265625 0.3890625 0.462890625 0.39375 0.466796875 0.428125 0.458984375
0 0.4109375 0.705078125 0.41875 0.6953125 0.4203125 0.681640625 0.4171875 0.6640625 0.40625 0.65625 0.3984375 0.65625 0.378125 0.66015625 0.3625 0.685546875 0.390625 0.6875 0.4109375 0.705078125
0 0.5812499999999999 0.580078125 0.578125 0.587890625 0.5906250000000001 0.634765625 0.6078125 0.654296875 0.6234375 0.658203125 0.64375 0.673828125 0.659375 0.654296875 0.6921875 0.642578125 0.7015625 0.603515625 0.7109375 0.59375 0.7125 0.58203125 0.703125 0.578125 0.69375 0.564453125 0.675 0.55859375 0.6671875 0.55859375 0.6484375 0.564453125 0.6078125 0.564453125 0.5921875 0.578125 0.5812499999999999 0.580078125
0 0.796875 0.798828125 0.821875 0.865234375 0.85625 0.900390625 0.903125 0.904296875 0.928125 0.900390625 0.9421875 0.8828125 0.95625 0.876953125 0.959375 0.8671875 0.965625 0.876953125 0.9765625 0.857421875 0.9765625 0.845703125 0.953125 0.740234375 0.9421875 0.736328125 0.9328125 0.74609375 0.925 0.74609375 0.9109375 0.732421875 0.896875 0.73046875 0.8875 0.701171875 0.871875 0.701171875 0.865625 0.693359375 0.85625 0.693359375 0.815625 0.703125 0.80625 0.708984375 0.796875 0.7265625 0.796875 0.798828125
0 0.578125 0.720703125 0.5593750000000001 0.744140625 0.5546875 0.771484375 0.5640625 0.779296875 0.5640625 0.794921875 0.5703125 0.802734375 0.5671875000000001 0.806640625 0.5734374999999999 0.8125 0.6109375 0.814453125 0.6359375 0.78515625 0.653125 0.75390625 0.6296875 0.736328125 0.628125 0.712890625 0.625 0.712890625 0.615625 0.71875 0.5953125 0.716796875 0.584375 0.724609375 0.578125 0.720703125
0 0.765625 0.51953125 0.7671875 0.53125 0.7375 0.55859375 0.7328125 0.556640625 0.7234375 0.57421875 0.7296875 0.58984375 0.74375 0.583984375 0.778125 0.552734375 0.8109375 0.556640625 0.8234375 0.54296875 0.84375 0.53515625 0.85 0.5390625 0.8484375 0.529296875 0.825 0.517578125 0.821875 0.484375 0.8015625 0.47265625 0.8 0.470703125 0.78125 0.494140625 0.759375 0.505859375 0.7578125 0.525390625 0.765625 0.51953125
0 0.6953125 0.80859375 0.6921875 0.798828125 0.6875 0.802734375 0.69375 0.80859375 0.684375 0.8125 0.68125 0.82421875 0.678125 0.869140625 0.709375 0.8671875 0.725 0.84375 0.75 0.83203125 0.753125 0.8203125 0.7390625 0.81640625 0.734375 0.802734375 0.7171875 0.783203125 0.715625 0.78125 0.709375 0.7890625 0.7015625 0.7890625 0.7125 0.79296875 0.6953125 0.80859375
0 0.5953125 0.931640625 0.55625 0.958984375 0.5187499999999999 0.951171875 0.5140625 0.9765625 0.5609375 0.998046875 0.584375 0.998046875 0.6 0.990234375 0.621875 0.951171875 0.640625 0.953125 0.6546875 0.943359375 0.659375 0.93359375 0.6546875 0.912109375 0.6640625 0.896484375 0.665625 0.87890625 0.6390625 0.8984375 0.6265625 0.888671875 0.621875 0.861328125 0.615625 0.861328125 0.603125 0.8828125 0.603125 0.900390625 0.609375 0.91015625 0.5953125 0.931640625