0 0.775 0.724609375 0.8046875 0.75390625 0.846875 0.7578125 0.865625 0.751953125 0.878125 0.73046875 0.890625 0.720703125 0.890625 0.69921875 0.88125 0.6875 0.8765625 0.66015625 0.8453125 0.630859375 0.8109375 0.6328125 0.8046875 0.619140625 0.79375 0.6171875 0.78515625 0.6171875 0.75625 0.625 0.746875 0.65234375 0.753125 0.68359375 0.775 0.724609375
0 0.5546875 0.580078125 0.5953125 0.6015625 0.609375 0.6015625 0.6375 0.5703125 0.6359375 0.537109375 0.615625 0.521484375 0.60546875 0.521484375 0.5953125 0.521484375 0.5734374999999999 0.5390625 0.5546875 0.54296875 0.5546875 0.580078125
0 0.5078125 0.6796875 0.5140625 0.69140625 0.5109374999999999 0.6953125 0.5390625 0.72265625 0.5499999999999999 0.720703125 0.5671875000000001 0.73046875 0.5750000000000001 0.716796875 0.6265625 0.677734375 0.621875 0.662109375 0.6125 0.669921875 0.596875 0.669921875 0.5859375 0.66015625 0.578125 0.642578125 0.5437500000000001 0.634765625 0.5484375 0.62890625 0.546875 0.619140625 0.53671875 0.619140625 0.5265624999999999 0.619140625 0.5187499999999999 0.626953125 0.5046875000000001 0.654296875 0.5078125 0.6796875
0 0.621875 0.72265625 0.6265625 0.740234375 0.640625 0.759765625 0.6546875 0.75390625 0.671875 0.76171875 0.7 0.73046875 0.7046875 0.71484375 0.6921875 0.69921875 0.684375 0.677734375 0.675 0.677734375 0.6671875 0.68359375 0.6578125 0.70703125 0.634375 0.70703125 0.621875 0.72265625
0 0.6484375 0.54296875 0.6609375 0.544921875 0.69375 0.525390625 0.715625 0.529296875 0.7359375 0.517578125 0.7421875 0.49609375 0.7265625 0.466796875 0.6953125 0.455078125 0.6890625 0.455078125 0.6640625 0.501953125 0.6453125 0.525390625 0.653125 0.5390625 0.6484375 0.54296875
0 0.3703125 0.44140625 0.36875 0.44140625 0.3671875 0.474609375 0.3765625 0.498046875 0.3828125 0.466796875 0.3703125 0.44140625
0 0.3734375 0.560546875 0.3734375 0.576171875 0.378125 0.57421875 0.3796875 0.560546875 0.3734375 0.560546875
0 0.403125 0.66015625 0.409375 0.650390625 0.4046875 0.623046875 0.3921875 0.61328125 0.378125 0.61328125 0.3734375 0.59375 0.3703125 0.59375 0.35625 0.607421875 0.35625 0.650390625 0.3765625 0.662109375 0.403125 0.66015625
0 0.4015625 0.72265625 0.415625 0.724609375 0.41875 0.70703125 0.4140625 0.6953125 0.403125 0.681640625 0.3953125 0.681640625 0.39375 0.6796875 0.3890625 0.68359375 0.3890625 0.701171875 0.3953125 0.71484375 0.4015625 0.72265625
0 0.3828125 0.69140625 0.3796875 0.6875 0.36875 0.69921875 0.371875 0.708984375 0.3859375 0.703125 0.3828125 0.69140625
0 0.4625 0.765625 0.471875 0.75390625 0.478125 0.740234375 0.46875 0.732421875 0.465625 0.732421875 0.4421875 0.736328125 0.440625 0.755859375 0.4515625 0.767578125 0.4625 0.765625
0 0.5437500000000001 0.859375 0.5640625 0.853515625 0.5812499999999999 0.818359375 0.6046875 0.8203125 0.6140625 0.8046875 0.615625 0.7890625 0.6390625 0.759765625 0.6203125 0.75390625 0.60625 0.76953125 0.5859375 0.767578125 0.5796875 0.78515625 0.5625 0.79296875 0.5515625000000001 0.80859375 0.515625 0.80859375 0.509375 0.78515625 0.490625 0.767578125 0.4875 0.755859375 0.478125 0.75390625 0.4765625 0.751953125 0.459375 0.767578125 0.46875 0.80078125 0.4984375 0.837890625 0.5437500000000001 0.859375